0.166645 -0.200677 2.230318
0.167822 -0.197493 2.214902
0.169525 -0.194428 2.199514
0.171744 -0.191477 2.184168
0.174472 -0.188637 2.168877
0.177702 -0.185904 2.153655
0.181425 -0.183276 2.138515
0.185633 -0.180748 2.123471
0.190317 -0.178318 2.108537
0.195471 -0.175981 2.093725
0.201086 -0.173735 2.079051
0.207153 -0.171575 2.064526
0.213666 -0.169499 2.050165
0.220615 -0.167502 2.035981
0.227994 -0.165582 2.021988
0.235793 -0.163735 2.008200
0.244004 -0.161957 1.994629
0.252621 -0.160245 1.981289
0.261634 -0.158596 1.968195
0.271036 -0.157006 1.955359
0.280818 -0.155472 1.942794
0.290973 -0.153990 1.930516
0.301493 -0.152556 1.918536
0.312369 -0.151168 1.906870
0.323594 -0.149822 1.895530
0.335159 -0.148514 1.884529
0.347057 -0.147241 1.873881
0.359279 -0.145999 1.863601
0.371817 -0.144785 1.853701
0.384664 -0.143596 1.844194
0.397811 -0.142427 1.835096
0.411251 -0.141277 1.826418
0.424974 -0.140140 1.818175
0.438974 -0.139014 1.810380
0.453243 -0.137895 1.803047
0.467771 -0.136780 1.796189
0.482551 -0.135666 1.789819
0.497576 -0.134548 1.783953
0.512837 -0.133423 1.778602
0.528325 -0.132288 1.773780
0.544034 -0.131140 1.769501
0.559955 -0.129974 1.765779
0.576080 -0.128789 1.762627
0.592400 -0.127579 1.760058
0.608909 -0.126341 1.758087
0.625597 -0.125073 1.756726
0.642457 -0.123771 1.755990
0.659482 -0.122430 1.755891
0.676661 -0.121049 1.756444
0.693989 -0.119622 1.757662
