# 50 predicted 3D trajectory points (camera frame, meters)
# columns: x  y  z
0.165045  -0.123603  0.851562
0.161568  -0.130135  0.843739
0.158092  -0.136666  0.835915
0.154616  -0.143197  0.828091
0.150887  -0.148704  0.820679
0.147066  -0.153838  0.813418
0.143245  -0.158972  0.806156
0.139284  -0.163461  0.799203
0.135164  -0.167212  0.792603
0.131044  -0.170962  0.786003
0.126873  -0.174439  0.779555
0.122499  -0.176820  0.773716
0.118125  -0.179201  0.767877
0.113752  -0.181582  0.762039
0.109184  -0.182698  0.757003
0.104602  -0.183724  0.752026
0.100021  -0.184749  0.747048
0.095331  -0.184880  0.742710
0.090587  -0.184563  0.738693
0.085844  -0.184247  0.734676
0.081054  -0.183399  0.731083
0.076194  -0.181754  0.728126
0.071334  -0.180109  0.725169
0.066464  -0.178289  0.722367
0.061533  -0.175330  0.720570
0.056603  -0.172371  0.718773
0.051672  -0.169412  0.716976
0.046719  -0.165326  0.716270
0.041764  -0.161067  0.715733
0.036808  -0.156807  0.715195
0.031865  -0.151776  0.715474
0.026930  -0.146230  0.716295
0.021995  -0.140683  0.717117
0.017082  -0.134713  0.718425
0.012213  -0.127894  0.720706
0.007345  -0.121075  0.722986
0.002484  -0.114172  0.725371
-0.002273  -0.106094  0.729210
-0.007029  -0.098016  0.733049
-0.011785  -0.089938  0.736888
-0.016416  -0.080864  0.742054
-0.021014  -0.071540  0.747551
-0.025613  -0.062217  0.753049
-0.030103  -0.052237  0.759484
-0.034498  -0.041682  0.766739
-0.038893  -0.031128  0.773994
-0.043221  -0.020248  0.781744
-0.047367  -0.008476  0.790857
-0.051513  0.003296  0.799969
-0.055659  0.015068  0.809082
