# 50 predicted 3D trajectory points (camera frame, meters)
# columns: x  y  z
0.031854  -0.090476  0.508975
0.033678  -0.088289  0.506126
0.035502  -0.086101  0.503276
0.037326  -0.083913  0.500427
0.039026  -0.081638  0.497246
0.040682  -0.079330  0.493944
0.042337  -0.077023  0.490642
0.043921  -0.074666  0.487159
0.045423  -0.072255  0.483468
0.046925  -0.069843  0.479778
0.048400  -0.067414  0.476024
0.049763  -0.064913  0.472011
0.051126  -0.062413  0.467998
0.052490  -0.059913  0.463985
0.053737  -0.057345  0.459731
0.054977  -0.054772  0.455460
0.056216  -0.052199  0.451190
0.057383  -0.049588  0.446790
0.058514  -0.046958  0.442327
0.059644  -0.044328  0.437864
0.060737  -0.041681  0.433349
0.061773  -0.039009  0.428758
0.062810  -0.036338  0.424167
0.063836  -0.033663  0.419568
0.064793  -0.030965  0.414915
0.065750  -0.028268  0.410261
0.066707  -0.025571  0.405608
0.067609  -0.022865  0.400957
0.068502  -0.020157  0.396306
0.069395  -0.017450  0.391655
0.070258  -0.014746  0.387045
0.071102  -0.012044  0.382462
0.071945  -0.009342  0.377879
0.072777  -0.006647  0.373340
0.073586  -0.003967  0.368890
0.074395  -0.001286  0.364440
0.075203  0.001392  0.360003
0.075992  0.004036  0.355751
0.076781  0.006680  0.351499
0.077571  0.009323  0.347247
0.078356  0.011925  0.343205
0.079141  0.014516  0.339216
0.079925  0.017107  0.335227
0.080715  0.019662  0.331413
0.081510  0.022184  0.327752
0.082304  0.024707  0.324091
0.083106  0.027207  0.320535
0.083925  0.029646  0.317268
0.084745  0.032085  0.314000
0.085565  0.034524  0.310732
