-0.262838 0.185704 2.640755
-0.267354 0.187554 2.636096
-0.272108 0.189336 2.631624
-0.277090 0.191049 2.627338
-0.282291 0.192694 2.623239
-0.287701 0.194268 2.619324
-0.293313 0.195773 2.615595
-0.299116 0.197206 2.612050
-0.305102 0.198568 2.608689
-0.311261 0.199858 2.605510
-0.317584 0.201075 2.602513
-0.324063 0.202218 2.599698
-0.330687 0.203287 2.597064
-0.337448 0.204282 2.594611
-0.344337 0.205200 2.592337
-0.351344 0.206043 2.590243
-0.358461 0.206809 2.588326
-0.365678 0.207497 2.586588
-0.372986 0.208108 2.585027
-0.380376 0.208640 2.583642
-0.387839 0.209092 2.582433
-0.395366 0.209465 2.581400
-0.402947 0.209757 2.580541
-0.410574 0.209968 2.579857
-0.418237 0.210096 2.579346
-0.425927 0.210143 2.579008
-0.433635 0.210106 2.578842
-0.441352 0.209985 2.578847
-0.449068 0.209780 2.579024
-0.456776 0.209490 2.579370
-0.464464 0.209113 2.579887
-0.472125 0.208651 2.580573
-0.479749 0.208102 2.581427
-0.487328 0.207465 2.582448
-0.494851 0.206739 2.583637
-0.502310 0.205925 2.584992
-0.509695 0.205021 2.586514
-0.516998 0.204026 2.588201
-0.524209 0.202941 2.590052
-0.531320 0.201765 2.592067
-0.538320 0.200496 2.594245
-0.545202 0.199134 2.596587
-0.551955 0.197679 2.599090
-0.558571 0.196130 2.601755
-0.565040 0.194486 2.604581
-0.571354 0.192747 2.607567
-0.577503 0.190911 2.610713
-0.583478 0.188979 2.614018
-0.589270 0.186950 2.617481
-0.594869 0.184823 2.621102
