# 50 predicted 3D trajectory points (camera frame, meters)
# columns: x  y  z
-0.112678  -0.086720  0.384766
-0.112750  -0.085655  0.381691
-0.112822  -0.084590  0.378617
-0.112894  -0.083525  0.375542
-0.113003  -0.082078  0.372451
-0.113126  -0.080491  0.369353
-0.113249  -0.078904  0.366255
-0.113393  -0.077101  0.363165
-0.113563  -0.075051  0.360085
-0.113732  -0.073001  0.357004
-0.113909  -0.070870  0.353934
-0.114120  -0.068414  0.350911
-0.114331  -0.065959  0.347888
-0.114541  -0.063504  0.344864
-0.114786  -0.060725  0.341932
-0.115033  -0.057922  0.339006
-0.115281  -0.055120  0.336081
-0.115549  -0.052126  0.333247
-0.115829  -0.049035  0.330460
-0.116108  -0.045944  0.327672
-0.116398  -0.042761  0.324956
-0.116704  -0.039440  0.322348
-0.117011  -0.036118  0.319739
-0.117320  -0.032774  0.317159
-0.117648  -0.029281  0.314769
-0.117977  -0.025787  0.312379
-0.118306  -0.022294  0.309989
-0.118650  -0.018702  0.307824
-0.118996  -0.015095  0.305694
-0.119342  -0.011487  0.303563
-0.119696  -0.007847  0.301612
-0.120055  -0.004184  0.299782
-0.120414  -0.000521  0.297951
-0.120775  0.003141  0.296233
-0.121142  0.006801  0.294743
-0.121509  0.010461  0.293252
-0.121876  0.014118  0.291787
-0.122246  0.017717  0.290677
-0.122616  0.021316  0.289567
-0.122986  0.024915  0.288456
-0.123355  0.028419  0.287683
-0.123724  0.031899  0.286994
-0.124092  0.035380  0.286305
-0.124457  0.038765  0.285861
-0.124820  0.042068  0.285633
-0.125182  0.045370  0.285406
-0.125541  0.048610  0.285311
-0.125892  0.051677  0.285585
-0.126243  0.054744  0.285859
-0.126594  0.057811  0.286133
