# 50 predicted 3D trajectory points (camera frame, meters)
# columns: x  y  z
-0.087403  -0.242274  0.710938
-0.087847  -0.240620  0.710519
-0.088290  -0.238966  0.710100
-0.088734  -0.237313  0.709682
-0.089073  -0.235789  0.709505
-0.089375  -0.234313  0.709416
-0.089676  -0.232836  0.709328
-0.089924  -0.231423  0.709373
-0.090111  -0.230082  0.709572
-0.090297  -0.228741  0.709771
-0.090466  -0.227419  0.710018
-0.090564  -0.226171  0.710462
-0.090662  -0.224924  0.710905
-0.090760  -0.223676  0.711349
-0.090800  -0.222477  0.711981
-0.090836  -0.221281  0.712627
-0.090873  -0.220085  0.713272
-0.090885  -0.218895  0.714024
-0.090886  -0.217709  0.714829
-0.090887  -0.216523  0.715634
-0.090885  -0.215323  0.716486
-0.090877  -0.214105  0.717408
-0.090869  -0.212886  0.718330
-0.090864  -0.211658  0.719261
-0.090875  -0.210365  0.720257
-0.090885  -0.209072  0.721253
-0.090896  -0.207779  0.722249
-0.090945  -0.206386  0.723272
-0.091000  -0.204977  0.724300
-0.091055  -0.203568  0.725327
-0.091153  -0.202064  0.726348
-0.091280  -0.200497  0.727364
-0.091406  -0.198930  0.728381
-0.091565  -0.197296  0.729379
-0.091790  -0.195529  0.730341
-0.092014  -0.193762  0.731304
-0.092247  -0.191979  0.732260
-0.092596  -0.189971  0.733126
-0.092945  -0.187962  0.733992
-0.093294  -0.185953  0.734858
-0.093765  -0.183717  0.735613
-0.094265  -0.181424  0.736340
-0.094765  -0.179132  0.737067
-0.095361  -0.176665  0.737697
-0.096039  -0.174047  0.738242
-0.096717  -0.171429  0.738787
-0.097450  -0.168712  0.739272
-0.098333  -0.165726  0.739593
-0.099216  -0.162740  0.739914
-0.100099  -0.159754  0.740234
