-0.042888 0.153980 2.679080
-0.045829 0.157829 2.672534
-0.048582 0.161605 2.665700
-0.051140 0.165311 2.658595
-0.053502 0.168951 2.651232
-0.055662 0.172526 2.643628
-0.057616 0.176040 2.635798
-0.059360 0.179496 2.627758
-0.060890 0.182896 2.619521
-0.062202 0.186244 2.611104
-0.063291 0.189542 2.602523
-0.064154 0.192793 2.593791
-0.064785 0.196001 2.584926
-0.065182 0.199167 2.575941
-0.065339 0.202296 2.566852
-0.065253 0.205389 2.557675
-0.064919 0.208450 2.548424
-0.064334 0.211481 2.539116
-0.063492 0.214486 2.529764
-0.062391 0.217467 2.520386
-0.061025 0.220427 2.510995
-0.059390 0.223370 2.501607
-0.057483 0.226297 2.492238
-0.055299 0.229213 2.482903
-0.052833 0.232119 2.473617
-0.050083 0.235019 2.464395
-0.047043 0.237916 2.455253
-0.043709 0.240811 2.446206
-0.040078 0.243710 2.437268
-0.036145 0.246613 2.428457
-0.031905 0.249525 2.419786
-0.027355 0.252448 2.411271
-0.022491 0.255384 2.402928
-0.017308 0.258337 2.394771
-0.011801 0.261310 2.386816
-0.005968 0.264306 2.379079
0.000196 0.267327 2.371574
0.006696 0.270376 2.364317
0.013536 0.273457 2.357323
0.020719 0.276571 2.350607
0.028251 0.279723 2.344185
0.036135 0.282915 2.338072
0.044375 0.286149 2.332283
0.052975 0.289429 2.326835
0.061941 0.292758 2.321740
0.071275 0.296138 2.317016
0.080982 0.299572 2.312678
0.091067 0.303063 2.308739
0.101533 0.306615 2.305218
0.112385 0.310230 2.302127
