# 50 predicted 3D trajectory points (camera frame, meters)
# columns: x  y  z
0.130820  0.056175  0.621094
0.128420  0.054492  0.628242
0.126021  0.052808  0.635391
0.123621  0.051124  0.642539
0.121071  0.049269  0.648935
0.118466  0.047351  0.655058
0.115861  0.045433  0.661180
0.113175  0.043424  0.666895
0.110394  0.041309  0.672144
0.107614  0.039195  0.677394
0.104805  0.037049  0.682500
0.101879  0.034775  0.687030
0.098954  0.032501  0.691561
0.096028  0.030228  0.696091
0.092994  0.027840  0.700094
0.089953  0.025444  0.704059
0.086912  0.023048  0.708024
0.083813  0.020595  0.711715
0.080686  0.018114  0.715268
0.077559  0.015633  0.718821
0.074410  0.013133  0.722271
0.071227  0.010604  0.725566
0.068044  0.008075  0.728861
0.064858  0.005545  0.732142
0.061649  0.003005  0.735332
0.058441  0.000466  0.738522
0.055232  -0.002074  0.741712
0.052027  -0.004590  0.744945
0.048822  -0.007103  0.748184
0.045617  -0.009616  0.751423
0.042433  -0.012091  0.754784
0.039262  -0.014540  0.758225
0.036091  -0.016989  0.761667
0.032942  -0.019405  0.765227
0.029835  -0.021753  0.769025
0.026727  -0.024101  0.772822
0.023627  -0.026440  0.776654
0.020613  -0.028650  0.780961
0.017600  -0.030860  0.785269
0.014586  -0.033070  0.789576
0.011672  -0.035140  0.794414
0.008782  -0.037174  0.799385
0.005892  -0.039209  0.804355
0.003084  -0.041130  0.809761
0.000348  -0.042952  0.815549
-0.002388  -0.044774  0.821336
-0.005076  -0.046530  0.827383
-0.007629  -0.048102  0.834140
-0.010182  -0.049674  0.840898
-0.012735  -0.051246  0.847656
