# 50 predicted 3D trajectory points (camera frame, meters)
# columns: x  y  z
0.118229  -0.160533  0.447617
0.115931  -0.156707  0.444080
0.113633  -0.152881  0.440543
0.111335  -0.149055  0.437005
0.109094  -0.144526  0.433571
0.106874  -0.139741  0.430175
0.104655  -0.134956  0.426778
0.102457  -0.129784  0.423476
0.100286  -0.124170  0.420282
0.098114  -0.118555  0.417087
0.095946  -0.112801  0.413945
0.093794  -0.106486  0.411014
0.091641  -0.100172  0.408082
0.089488  -0.093857  0.405151
0.087325  -0.087009  0.402522
0.085161  -0.080123  0.399915
0.082998  -0.073237  0.397307
0.080807  -0.066057  0.394957
0.078603  -0.058730  0.392735
0.076399  -0.051402  0.390513
0.074166  -0.043949  0.388470
0.071892  -0.036309  0.386694
0.069618  -0.028669  0.384919
0.067330  -0.021005  0.383211
0.064956  -0.013181  0.381943
0.062582  -0.005358  0.380675
0.060208  0.002465  0.379407
0.057721  0.010335  0.378632
0.055218  0.018213  0.377932
0.052714  0.026090  0.377233
0.050115  0.033922  0.376912
0.047453  0.041724  0.376842
0.044790  0.049526  0.376773
0.042065  0.057259  0.376933
0.039214  0.064857  0.377555
0.036362  0.072454  0.378176
0.033496  0.080029  0.378848
0.030427  0.087292  0.380221
0.027357  0.094556  0.381594
0.024288  0.101819  0.382968
0.021020  0.108712  0.384992
0.017702  0.115512  0.387178
0.014385  0.122313  0.389365
0.010919  0.128797  0.392017
0.007324  0.135005  0.395078
0.003729  0.141213  0.398139
0.000052  0.147228  0.401449
-0.003850  0.152714  0.405445
-0.007752  0.158200  0.409442
-0.011654  0.163686  0.413438
