-0.087976 -0.053122 0.612709
-0.089758 -0.054374 0.609876
-0.091487 -0.055706 0.607143
-0.093164 -0.057115 0.604506
-0.094793 -0.058596 0.601961
-0.096376 -0.060145 0.599505
-0.097913 -0.061758 0.597133
-0.099408 -0.063432 0.594840
-0.100862 -0.065163 0.592624
-0.102277 -0.066945 0.590480
-0.103656 -0.068777 0.588404
-0.105000 -0.070652 0.586393
-0.106311 -0.072568 0.584441
-0.107592 -0.074521 0.582544
-0.108844 -0.076506 0.580700
-0.110070 -0.078520 0.578904
-0.111272 -0.080559 0.577151
-0.112451 -0.082618 0.575439
-0.113609 -0.084694 0.573761
-0.114749 -0.086782 0.572116
-0.115873 -0.088879 0.570499
-0.116983 -0.090981 0.568905
-0.118080 -0.093084 0.567330
-0.119167 -0.095183 0.565771
-0.120246 -0.097276 0.564224
-0.121318 -0.099357 0.562684
-0.122387 -0.101423 0.561148
-0.123453 -0.103470 0.559611
-0.124519 -0.105494 0.558070
-0.125587 -0.107491 0.556520
-0.126659 -0.109457 0.554957
-0.127737 -0.111388 0.553378
-0.128823 -0.113281 0.551778
-0.129919 -0.115130 0.550153
-0.131027 -0.116932 0.548499
-0.132149 -0.118684 0.546812
-0.133288 -0.120380 0.545089
-0.134444 -0.122018 0.543325
-0.135621 -0.123593 0.541515
-0.136820 -0.125102 0.539657
-0.138043 -0.126539 0.537746
-0.139292 -0.127902 0.535778
-0.140570 -0.129187 0.533748
-0.141878 -0.130388 0.531654
-0.143218 -0.131503 0.529490
-0.144593 -0.132528 0.527254
-0.146004 -0.133458 0.524940
-0.147454 -0.134290 0.522544
-0.148944 -0.135019 0.520064
-0.150476 -0.135641 0.517494
