-0.262873 0.187514 2.641105
-0.254452 0.185611 2.647362
-0.246525 0.183900 2.653638
-0.239083 0.182372 2.659930
-0.232120 0.181017 2.666237
-0.225629 0.179826 2.672558
-0.219602 0.178790 2.678891
-0.214031 0.177899 2.685235
-0.208911 0.177143 2.691588
-0.204233 0.176514 2.697948
-0.199991 0.176001 2.704316
-0.196176 0.175595 2.710688
-0.192783 0.175286 2.717064
-0.189804 0.175066 2.723441
-0.187231 0.174924 2.729818
-0.185057 0.174852 2.736195
-0.183276 0.174839 2.742569
-0.181879 0.174876 2.748939
-0.180860 0.174954 2.755303
-0.180212 0.175063 2.761661
-0.179927 0.175194 2.768010
-0.179998 0.175336 2.774350
-0.180418 0.175482 2.780678
-0.181180 0.175621 2.786993
-0.182276 0.175743 2.793295
-0.183700 0.175840 2.799580
-0.185443 0.175902 2.805848
-0.187499 0.175918 2.812098
-0.189861 0.175881 2.818326
-0.192522 0.175780 2.824534
-0.195473 0.175605 2.830719
-0.198709 0.175348 2.836879
-0.202221 0.174999 2.843013
-0.206003 0.174548 2.849119
-0.210048 0.173986 2.855197
-0.214347 0.173304 2.861244
-0.218895 0.172491 2.867260
-0.223683 0.171538 2.873241
-0.228705 0.170437 2.879188
-0.233953 0.169177 2.885099
-0.239420 0.167749 2.890972
-0.245100 0.166143 2.896806
-0.250983 0.164350 2.902598
-0.257065 0.162361 2.908349
-0.263336 0.160165 2.914057
-0.269791 0.157755 2.919718
-0.276422 0.155119 2.925334
-0.283221 0.152248 2.930901
-0.290182 0.149134 2.936419
-0.297297 0.145766 2.941886
