-0.132640 -0.240398 2.505440
-0.131959 -0.241004 2.499421
-0.131262 -0.241510 2.493326
-0.130553 -0.241921 2.487164
-0.129836 -0.242244 2.480940
-0.129114 -0.242484 2.474664
-0.128392 -0.242646 2.468342
-0.127673 -0.242736 2.461982
-0.126961 -0.242760 2.455591
-0.126258 -0.242723 2.449176
-0.125571 -0.242631 2.442747
-0.124901 -0.242489 2.436309
-0.124252 -0.242304 2.429870
-0.123629 -0.242080 2.423438
-0.123034 -0.241823 2.417020
-0.122473 -0.241539 2.410624
-0.121947 -0.241234 2.404256
-0.121462 -0.240912 2.397926
-0.121020 -0.240581 2.391639
-0.120626 -0.240244 2.385404
-0.120283 -0.239909 2.379227
-0.119995 -0.239580 2.373117
-0.119765 -0.239262 2.367081
-0.119598 -0.238963 2.361127
-0.119497 -0.238687 2.355261
-0.119465 -0.238440 2.349492
-0.119507 -0.238227 2.343826
-0.119626 -0.238054 2.338272
-0.119826 -0.237927 2.332836
-0.120110 -0.237851 2.327527
-0.120482 -0.237832 2.322351
-0.120946 -0.237875 2.317317
-0.121506 -0.237986 2.312431
-0.122165 -0.238171 2.307701
-0.122928 -0.238436 2.303134
-0.123797 -0.238785 2.298739
-0.124776 -0.239224 2.294523
-0.125869 -0.239760 2.290492
-0.127081 -0.240397 2.286654
-0.128414 -0.241142 2.283018
-0.129872 -0.241999 2.279590
-0.131459 -0.242975 2.276377
-0.133179 -0.244075 2.273388
-0.135035 -0.245304 2.270630
-0.137031 -0.246669 2.268111
-0.139171 -0.248175 2.265836
-0.141458 -0.249827 2.263815
-0.143897 -0.251631 2.262055
-0.146490 -0.253593 2.260563
-0.149242 -0.255718 2.259346
