# 50 predicted 3D trajectory points (camera frame, meters)
# columns: x  y  z
0.035072  0.187539  0.910286
0.035029  0.182253  0.907062
0.034987  0.176967  0.903837
0.034945  0.171681  0.900613
0.033937  0.166252  0.897808
0.032578  0.160772  0.895156
0.031218  0.155291  0.892504
0.029344  0.149785  0.890116
0.026880  0.144249  0.888031
0.024417  0.138714  0.885946
0.021776  0.133195  0.883973
0.018422  0.127745  0.882449
0.015068  0.122295  0.880925
0.011715  0.116845  0.879402
0.007729  0.111605  0.878397
0.003698  0.106380  0.877429
-0.000332  0.101155  0.876461
-0.004672  0.096174  0.875860
-0.009167  0.091314  0.875443
-0.013661  0.086455  0.875025
-0.018256  0.081798  0.874826
-0.023001  0.077444  0.874953
-0.027746  0.073089  0.875081
-0.032495  0.068821  0.875280
-0.037277  0.065113  0.875947
-0.042059  0.061404  0.876613
-0.046841  0.057696  0.877280
-0.051469  0.054668  0.878410
-0.056075  0.051745  0.879610
-0.060680  0.048822  0.880811
-0.065051  0.046454  0.882329
-0.069267  0.044456  0.884058
-0.073482  0.042459  0.885787
-0.077497  0.040817  0.887690
-0.081109  0.039885  0.889942
-0.084721  0.038953  0.892194
-0.088279  0.038101  0.894480
-0.091075  0.038375  0.897249
-0.093870  0.038648  0.900018
-0.096666  0.038922  0.902787
-0.098638  0.040272  0.905966
-0.100404  0.041891  0.909247
-0.102169  0.043511  0.912528
-0.103272  0.045922  0.916079
-0.103794  0.049028  0.919866
-0.104316  0.052133  0.923653
-0.104450  0.055671  0.927574
-0.103516  0.060402  0.931862
-0.102582  0.065133  0.936150
-0.101647  0.069863  0.940438
