-0.409331 0.101534 2.364837
-0.409348 0.101092 2.361343
-0.409284 0.100806 2.357797
-0.409143 0.100668 2.354202
-0.408932 0.100670 2.350560
-0.408655 0.100805 2.346874
-0.408319 0.101065 2.343146
-0.407929 0.101442 2.339378
-0.407491 0.101927 2.335572
-0.407009 0.102513 2.331730
-0.406491 0.103193 2.327856
-0.405940 0.103957 2.323951
-0.405363 0.104799 2.320017
-0.404765 0.105711 2.316057
-0.404152 0.106683 2.312074
-0.403530 0.107710 2.308069
-0.402903 0.108782 2.304044
-0.402278 0.109892 2.300002
-0.401660 0.111031 2.295945
-0.401054 0.112193 2.291877
-0.400466 0.113369 2.287798
-0.399902 0.114551 2.283710
-0.399366 0.115732 2.279618
-0.398866 0.116903 2.275522
-0.398406 0.118056 2.271426
-0.397991 0.119185 2.267330
-0.397628 0.120279 2.263238
-0.397321 0.121333 2.259152
-0.397077 0.122338 2.255075
-0.396901 0.123286 2.251007
-0.396798 0.124169 2.246952
-0.396775 0.124980 2.242913
-0.396835 0.125709 2.238891
-0.396986 0.126351 2.234888
-0.397232 0.126896 2.230907
-0.397580 0.127336 2.226951
-0.398034 0.127665 2.223021
-0.398600 0.127873 2.219119
-0.399285 0.127954 2.215249
-0.400092 0.127898 2.211412
-0.401028 0.127699 2.207611
-0.402099 0.127348 2.203848
-0.403310 0.126838 2.200125
-0.404666 0.126160 2.196445
-0.406173 0.125307 2.192809
-0.407836 0.124271 2.189220
-0.409662 0.123044 2.185682
-0.411656 0.121617 2.182194
-0.413822 0.119984 2.178761
-0.416167 0.118136 2.175384
