0.122943 -0.003586 0.434323
0.121223 -0.003510 0.433762
0.119559 -0.003442 0.433254
0.117947 -0.003381 0.432795
0.116385 -0.003328 0.432385
0.114869 -0.003280 0.432021
0.113398 -0.003239 0.431703
0.111966 -0.003202 0.431427
0.110573 -0.003171 0.431194
0.109214 -0.003143 0.431000
0.107888 -0.003120 0.430844
0.106589 -0.003099 0.430725
0.105317 -0.003081 0.430641
0.104068 -0.003065 0.430589
0.102839 -0.003050 0.430570
0.101626 -0.003036 0.430580
0.100427 -0.003023 0.430618
0.099240 -0.003009 0.430683
0.098060 -0.002995 0.430772
0.096885 -0.002979 0.430884
0.095713 -0.002962 0.431018
0.094539 -0.002942 0.431172
0.093362 -0.002919 0.431343
0.092177 -0.002892 0.431531
0.090983 -0.002862 0.431733
0.089776 -0.002827 0.431948
0.088553 -0.002787 0.432175
0.087311 -0.002741 0.432411
0.086048 -0.002689 0.432655
0.084759 -0.002631 0.432905
0.083443 -0.002565 0.433160
0.082097 -0.002491 0.433417
0.080716 -0.002408 0.433676
0.079299 -0.002317 0.433934
0.077842 -0.002216 0.434189
0.076343 -0.002106 0.434441
0.074798 -0.001984 0.434688
0.073205 -0.001852 0.434927
0.071560 -0.001707 0.435157
0.069860 -0.001551 0.435376
0.068104 -0.001381 0.435583
0.066286 -0.001199 0.435776
0.064405 -0.001002 0.435953
0.062458 -0.000791 0.436113
0.060441 -0.000565 0.436253
0.058352 -0.000324 0.436373
0.056188 -0.000066 0.436471
0.053945 0.000208 0.436544
0.051621 0.000499 0.436591
0.049213 0.000808 0.436611
